D = [
1 +.50000000000000000000000000000000E+0000 0.5 5.0000000000000000000000000000001e-01 5.00000000000000000000000000000000000000000000000000000000000000e-01   0                                        0                                        0                                     ; 
2 +.93750000000000000000000000000000E+0000 0.9375 9.3750000000000000000000000000001e-01 9.37500000000000000000000000000000000000000000000000000000000000e-01   0                                        0                                        0                                     ; 
3 +.21972656250000000000000000000000E+0000 0.219726 2.1972656250000000000000000000000e-01 2.19726562500000000000000000000000000000000000000000000000000000e-01   0                                        0                                        0                                     ; 
4 +.64292550086975097656250000000000E+0000 0.642925 6.4292550086975097656250000000001e-01 6.42925500869750976562500000000000000000000000000000000000000000e-01   0                                        0                                        0                                     ; 
5 +.86089612950424054815812269225717E+0000 0.860896 8.6089612950424054815812269225718e-01 8.60896129504240548158122692257165908813476562500000000000000000e-01   0                                      -.14091186523437500000000000000000E-0031   0                                     ; 
6 +.44907743890821913093324631440446E+0000 0.449077 4.4907743890821913093324631440446e-01 4.49077438908219130933246314404463944932194284033780910109223683e-01 +.24449547235369031866987915566993E-0016   0                                        0                                     ; 
7 +.92777584789445191944077518807472E+0000 0.927775 9.2777584789445191944077518807469e-01 9.27775847894451919440775188074716515997283965254844747632413581e-01 +.25319844266656882982716881564250E-0015 +.26515997283965254844747632413581E-0031   0                                     ; 
8 +.25127933984318525745318382116833E+0000 0.251279 2.5127933984318525745318382116840e-01 2.51279339843185257453183821168327622496614868032387823031444358e-01 -.75400739021522300791702317196668E-0015 -.72377503385131967441120027109742E-0031   0                                     ; 
9 +.70551762454184350292797775521722E+0000 0.705517 7.0551762454184350292797775521735e-01 7.05517624541843502927977755217222229068777742900864370193955778e-01 -.12426723941246284025605268262000E-0014 -.12777093122225709913562980604422E-0030   0                                     ; 
10 +.77910939751004191913705833342704E+0000 0.779109 7.7910939751004191913705833342686e-01 7.79109397510041919137058333427041233796734339709792155922671555e-01 +.20941292923211500527572819180555E-0014 +.18123379673433971296010270616706E-0030   0                                     ; 
11 +.64536729083093027156146131423635E+0000 0.645367 6.4536729083093027156146131423678e-01 6.45367290830930271561461314236351013765462553367702851915153193e-01 -.43096968433466415603602074302079E-0014 -.42898623453744663892867597048660E-0030   0                                     ; 
12 +.85825631533678400924192806658266E+0000 0.858256 8.5825631533678400924192806658219e-01 8.58256315336784009241928066582659832410864775568760574556498972e-01 +.47462497329945808822430897283010E-0014 +.46983241086477557616168581898405E-0030   0                                     ; 
13 +.45619654695491542006011879697866E+0000 0.456196 4.5619654695491542006011879697994e-01 4.56196546954915420060118796978660756445307374486503769359768137e-01 -.12697074523410041418029272179961E-0013 -.12792435546926255302160468143465E-0029   0                                     ; 
14 +.93030471562997651415421770917770E+0000 0.930304 9.3030471562997651415421770917810e-01 9.30304715629976514154217709177701543684831422057194268411634388e-01 -.38913126634567435208748618452137E-0014 -.39845631516857795090868189825990E-0030   0                                     ; 
15 +.24314194389976892191305508808540E+0000 0.243141 2.4314194389976892191305508808415e-01 2.43141943899768921913055088085399650396845918811105997157578177e-01 +.12597647573066611527640732071978E-0013 +.12496503968459188284237370986005E-0029   0                                     ; 
16 +.69008977131153954095084997329467E+0000 0.690089 6.9008977131153954095084997329224e-01 6.90089771311539540950849973294666689493137440526354320563617396e-01 +.24486487024537334932666875797353E-0013 +.24266894931374405598717948830974E-0029   0                                     ; 
17 +.80199704566022474591009522649846E+0000 0.801997 8.0199704566022474591009522650190e-01 8.01997045660224745910095226498481124890519284898432063097401349e-01 -.34787318402503807660391097966321E-0013 -.34435270127688717710089321958758E-0029 -.24651903288156669440995293277141E-0031; 
18 +.59549169154686048735995286279627E+0000 0.595491 5.9549169154686048735995286278852e-01 5.95491691546860487359952862796266597564524110818739304994010057e-01 +.78877714730374471177381332224306E-0013 +.77465975645241109269711980650411E-0029   0                                     ; 
19 +.90330501317069720003539334350133E+0000 0.903305 9.0330501317069720003539334350689e-01 9.03305013170697200035393343501331987758651595030484178152549193e-01 -.56423406162302921452787736877580E-0013 -.55580122413484050470301709624885E-0029   0                                     ; 
20 +.32754399881768909254569990066840E+0000 0.327543 3.2754399881768909254569990065162e-01 3.27543998817689092545699900668399112447633480228800863895594087e-01 +.17070335739190836931484833541633E-0012 +.16782193935544500040630195390989E-0028   0                                     ; 
21 +.82597097871077542083848760845224E+0000 0.82597 8.2597097871077542083848760843052e-01 8.25970978710775420838487608452235112474168572137093662038966622e-01 +.22094990224281096682022003909472E-0012 +.21715112474168572440354662600030E-0028   0                                     ; 
22 +.53903595389377199008736823598409E+0000 0.539035 5.3903595389377199008736823603720e-01 5.39035953893771990087368235984094537651686805240718089218903424e-01 -.54003535990915624753189846262441E-0012 -.53105462348313195500962740570151E-0028   0                                     ; 
23 +.93178572863851240277114131885548E+0000 0.931785 9.3178572863851240277114131883990e-01 9.31785728638512402771141318855484835539212269290806229173378202e-01 +.15833118652610636866081479584221E-0012 +.15584835539212269507183513023591E-0028   0                                     ; 
24 +.23835406704040848846438363000612E+0000 0.238354 2.3835406704040848846438363005663e-01 2.38354067040408488464383630006115752618287793746972504783955466e-01 -.51272519607012906948618887328214E-0012 -.50508084405890167801228188230304E-0028   0                                     ; 
25 +.68078027162139354123425226879668E+0000 0.68078 6.8078027162139354123425226889580e-01 6.80780271621393541234252268796673690707119870229014895847767141e-01 -.10060829863817269225756278583965E-0011 -.99121610982175841836489064500015E-0028   0                                     ; 
26 +.81494435022185689893717925365562E+0000 0.814944 8.1494435022185689893717925352122e-01 8.14944350221856898937179253655630877814654091920661906403632807e-01 +.13641797204431764410296669641043E-0011 +.13440087208419101711522549900691E-0027   0                                     ; 
27 +.56553771098749629859953110490701E+0000 0.565537 5.6553771098749629859953110522448e-01 5.65537710987496298599531104906976616144553569784991357036709530e-01 -.32221798991755401342299460451303E-0011 -.31747142947599276635325200738097E-0027 +.31954379453663861756635582324516E-0031; 
28 +.92139303164444777601552040827553E+0000 0.921393 9.2139303164444777601552040811945e-01 9.21393031644447776015520408275544716011769849537087712015017243e-01 +.15839847959095055037137160408676E-0011 +.15608309894682771520839149672661E-0027   0                                     ; 
